distortion_model: "non-fisheye"
width: 1280
height: 720
D: [0,0,0,0,0,0,0,0,0,0,0,0,0,0]
K: [578.68469238, 0., 646.26724061, 0. , 576.38543701, 372.27031994, 0.        ,   0.        ,   1.]
