distortion_model: "non-fisheye"
width: 1920
height: 1080
D : [0.08417258249934638,-0.19112682024684147,0.0005480524541010824,0.0006647579647382273,0.09937448278482823]
K: [1414.6188884752378,0.0,967.1932964051897,0.0,1063.661897570106,552.1307575270424,0.0,0.0,1]
