distortion_model: "non-fisheye"
width: 1014
height: 760
D : [7.240687015578669,9.307883595612031,-0.0005999395111158708,0.0005787294266067374,-1.449107846572058,7.304387018547969,11.685436247778302,-0.6762507853900844,0.0,0.0,0.0,0.0,0.0,0.0]
K: [572.8860985737642,0.0,502.4593683288797,0.0,572.9663599939911,370.12881786909264,0.0,0.0,1.0]
