distortion_model: "non-fisheye"
width: 1920
height: 1080
D : [-5.326620578765869, 77.56018829345703, 6.522439798573032e-05, 0.0005096778622828424, 14.727083206176758, -5.174498558044434, 76.24248504638672, 33.25776672363281,0,0,0,0,0,0]
K: [652.0951538085938, 0.0, 537.45361328125, 0.0, 652.0951538085938, 958.3936157226562, 0.0, 0.0, 1.0]
